000 000 000 000 000 000 000 000 000 000 000 000 000 000 000 000 000 000 000 000 000 000 000 000 000 000 000 000
000 000 000 000 000 000 000 000 000 000 000 000 000 000 000 000 000 000 000 000 000 000 000 000 000 000 000 000
000 000 000 000 000 000 000 000 000 000 000 000 000 000 000 000 000 000 000 000 000 000 000 000 000 000 000 000
000 000 000 000 000 000 000 000 000 000 000 000 000 000 000 000 000 000 000 000 000 000 000 000 000 000 000 000
000 000 000 000 000 000 000 000 000 000 010 051 032 000 000 000 000 000 000 000 000 000 000 000 000 000 000 000
000 000 000 000 000 000 000 000 000 082 214 255 234 071 000 000 000 000 000 000 000 000 000 000 000 000 000 000
000 000 000 000 000 000 000 004 144 255 242 171 238 252 086 000 000 000 000 000 000 000 000 000 000 000 000 000
000 000 000 000 000 000 026 169 255 187 036 000 049 226 249 068 000 000 000 000 000 000 000 000 000 000 000 000
000 000 000 000 000 015 189 255 154 007 000 000 000 059 250 190 001 000 000 000 000 000 000 000 000 000 000 000
000 000 000 000 000 109 255 148 001 000 000 000 000 000 177 250 035 000 000 000 000 000 000 000 000 000 000 000
000 000 000 000 000 035 104 003 000 000 000 000 000 000 124 255 067 000 000 000 000 000 000 000 000 000 000 000
000 000 000 000 000 000 000 000 000 000 000 000 000 000 088 255 099 000 000 000 000 000 000 000 000 000 000 000
000 000 000 000 000 000 000 000 000 000 000 000 000 000 076 255 103 000 000 000 000 000 000 000 000 000 000 000
000 000 000 000 000 000 000 000 000 000 000 000 000 000 086 255 101 000 000 000 000 000 000 000 000 000 000 000
000 000 000 000 000 000 000 000 000 000 000 000 000 000 167 254 059 000 000 000 000 000 000 000 000 000 000 000
000 000 000 000 000 000 000 000 000 000 000 000 000 105 255 176 002 000 000 000 000 000 000 000 000 000 000 000
000 000 000 000 000 000 000 000 000 000 000 000 092 253 217 030 000 000 000 000 000 000 000 000 000 000 000 000
000 000 000 000 000 000 000 000 000 000 000 087 248 213 025 000 000 000 013 020 007 000 000 000 000 000 000 000
000 000 000 000 000 000 000 000 000 000 085 253 242 100 110 156 183 207 231 243 216 052 000 000 000 000 000 000
000 000 000 000 000 000 000 000 000 066 236 255 255 255 255 255 244 226 205 187 213 061 000 000 000 000 000 000
000 000 000 000 000 000 000 000 000 119 255 255 209 130 083 038 023 009 000 000 003 000 000 000 000 000 000 000
000 000 000 000 000 000 000 000 000 013 076 062 013 000 000 000 000 000 000 000 000 000 000 000 000 000 000 000
000 000 000 000 000 000 000 000 000 000 000 000 000 000 000 000 000 000 000 000 000 000 000 000 000 000 000 000
000 000 000 000 000 000 000 000 000 000 000 000 000 000 000 000 000 000 000 000 000 000 000 000 000 000 000 000
000 000 000 000 000 000 000 000 000 000 000 000 000 000 000 000 000 000 000 000 000 000 000 000 000 000 000 000
000 000 000 000 000 000 000 000 000 000 000 000 000 000 000 000 000 000 000 000 000 000 000 000 000 000 000 000
000 000 000 000 000 000 000 000 000 000 000 000 000 000 000 000 000 000 000 000 000 000 000 000 000 000 000 000
000 000 000 000 000 000 000 000 000 000 000 000 000 000 000 000 000 000 000 000 000 000 000 000 000 000 000 000
